-999649
-998915
-995452
-995081
-989451
-989232
-988496
-987735
-985943
-983006
-982086
-981755
-981441
-981208
-979564
-978971
-978730
-975663
-973036
-971892
-971358
-969537
-969471
-968946
-964297
-960114
-955068
-952445
-951325
-950086
-947823
-940682
-940155
-939284
-921328
-913250
-912684
-911633
-911053
-904135
-900372
-900284
-897066
-896119
-896008
-893455
-892533
-886881
-881731
-876843
-873455
-873315
-872270
-870678
-868857
-867243
-866411
-864426
-859953
-859790
-855778
-854181
-853653
-852707
-848841
-848077
-848051
-845720
-845635
-843318
-841178
-840381
-840092
-838520
-838469
-834016
-832391
-826230
-823013
-822735
-818989
-818942
-817778
-816256
-812517
-811114
-810844
-809839
-807004
-804511
-801727
-801291
-800229
-799262
-799200
-797543
-796643
-793204
-791925
-790379
-787028
-786105
-784341
-781491
-776951
-776876
-773297
-769674
-767912
-767909
-766270
-764886
-761179
-757180
-753823
-752071
-747011
-745896
-742373
-739701
-739506
-738177
-735089
-733576
-731871
-725865
-724133
-723048
-719500
-718515
-715142
-714369
-711774
-711707
-710114
-708398
-704743
-701188
-697974
-697713
-694513
-692743
-689776
-684820
-684047
-684036
-682995
-682387
-681890
-680292
-678895
-675952
-674473
-674059
-669189
-668937
-663054
-662053
-661425
-660389
-650986
-649728
-649110
-648234
-646544
-645957
-637617
-637072
-636902
-634389
-634259
-633450
-633194
-630952
-629157
-626523
-618258
-617070
-616638
-615988
-615498
-615120
-614371
-610864
-608760
-608346
-605724
-604795
-604406
-602112
-598296
-596780
-596719
-596041
-592937
-589206
-588237
-587389
-586911
-586467
-580683
-578216
-577678
-577441
-573725
-573020
-567974
-567603
-565000
-563933
-559735
-553416
-552384
-550227
-545150
-543815
-541780
-539234
-535782
-535612
-534453
-533196
-532533
-531912
-528675
-527802
-525511
-524806
-522468
-522138
-519453
-518860
-518846
-517116
-514862
-514212
-513915
-510106
-509054
-508128
-506253
-505624
-505246
-504758
-503809
-503694
-501545
-501198
-498174
-498040
-496821
-496547
-496303
-494840
-493146
-491733
-489117
-488377
-488353
-488223
-487177
-484271
-482145
-481180
-479596
-478269
-473481
-471919
-469551
-467975
-467707
-460029
-459531
-453407
-448828
-448225
-447530
-447499
-444518
-443151
-441967
-435414
-434825
-433647
-424518
-423785
-423221
-423085
-421635
-420494
-419232
-417762
-416610
-412659
-412341
-407882
-406630
-405862
-405392
-404421
-403767
-401996
-398948
-397599
-395746
-395208
-394629
-393445
-391892
-390657
-384866
-382648
-381973
-381273
-378099
-378004
-371958
-371408
-369768
-366738
-366241
-365645
-365636
-365201
-362675
-362642
-360795
-360460
-358156
-354502
-354087
-353675
-352547
-349606
-348616
-341685
-341590
-338947
-337136
-333480
-331525
-331422
-331356
-323957
-319583
-318253
-315736
-315267
-313239
-311389
-307045
-306576
-306481
-302748
-301701
-299845
-297970
-296974
-295808
-295459
-293062
-287182
-283729
-282351
-281372
-280441
-280360
-277442
-274761
-270546
-270031
-269847
-268396
-261041
-256149
-254717
-251806
-251639
-251296
-247669
-243115
-239680
-237140
-235577
-230541
-229910
-229910
-228672
-228445
-227855
-226443
-226146
-222835
-222628
-221129
-220299
-219651
-219615
-218343
-217785
-214824
-209167
-207605
-201698
-198027
-195437
-194565
-191993
-191563
-187444
-185684
-182819
-178250
-177516
-177484
-176964
-176319
-175700
-175115
-173434
-173378
-172925
-161851
-161810
-160496
-152656
-152388
-151869
-149810
-149563
-147734
-146227
-145832
-144365
-140438
-138620
-138128
-133947
-133491
-133220
-133087
-129006
-128146
-127205
-124955
-122905
-118782
-117667
-115130
-113450
-112961
-112869
-110686
-107623
-107429
-105862
-102741
-100994
-100898
-100822
-99714
-99471
-98055
-96079
-95736
-93389
-88278
-86992
-86513
-86168
-85178
-84989
-84046
-83931
-83359
-80230
-79796
-73421
-65900
-61444
-59584
-58570
-58171
-55870
-50666
-48898
-48857
-48731
-46885
-45534
-43730
-43284
-41207
-39830
-26531
-24596
-20135
-19540
-16132
-11618
-9544
-7558
-5489
-4794
1270
3743
3868
4345
5531
6856
7180
7532
11217
13250
18889
21034
27590
28670
32035
32256
32972
33125
34582
35692
38142
42253
43321
43885
48253
50452
50730
52698
54202
55164
55870
55929
56230
58333
61106
61253
62026
63655
64509
65219
71263
71864
72667
74205
74429
79986
80479
82916
83095
89302
89589
91810
92660
93236
96293
99055
100829
101920
102197
105571
106324
109225
109497
112594
113277
113425
114637
115196
115615
118044
122841
124371
125449
126301
130254
130367
130806
131862
132820
133453
135252
136817
136953
140208
143423
145089
149214
153072
155245
156922
158098
158533
165072
165583
170090
170494
171228
173036
173097
174138
174937
179662
186384
192374
195195
197577
198475
199488
201655
202810
205792
207366
210002
210013
212833
214593
219742
220405
220504
222267
226145
227470
231942
241470
245064
246175
250057
251313
253393
253984
256635
257979
259527
261946
264331
266943
269810
270347
270431
274529
277131
277285
277660
279666
279691
284894
286304
287838
290054
290419
292261
292461
293466
296327
304502
305794
308216
309235
312437
312708
318719
323328
324927
325657
329113
330683
334650
337960
339882
342626
342674
345590
347529
355259
356682
366861
368327
368958
370495
370500
371557
372312
373605
374346
375915
376403
377334
379070
380256
381430
381515
382634
383346
386614
387195
391603
395196
395572
396910
396965
397496
399918
402777
404213
407035
408351
412324
413809
415311
416415
422132
422946
423751
425055
428101
432668
433031
434457
435604
435678
435899
439160
439599
441875
442385
444099
444436
452370
455793
456878
457390
461874
465810
468023
468242
471035
471767
475221
475921
477967
478109
481922
485832
486292
486909
490907
492734
493463
494468
494931
496228
497480
498083
498215
500507
500683
501210
501535
502070
505109
507249
511243
514093
517308
524237
528540
529156
531416
531717
534214
535278
535702
537736
537800
539140
539582
540775
542688
544385
549632
549829
550491
552317
557406
562377
568540
569413
569520
573852
574056
575220
576896
577176
578127
580687
580755
580917
581046
583631
584980
586629
593447
595369
596601
597396
597773
600613
600735
601464
602460
610160
614497
614941
615990
617456
621255
626797
629787
631925
638129
638393
639465
642950
645723
646395
649694
653276
654252
660031
660750
663585
667783
669094
670005
671200
675141
680848
683246
685906
686230
686291
686547
687920
691466
692913
694264
696920
697715
699265
702144
703721
708803
710112
712784
713389
714694
718085
718574
720447
721518
724105
727096
727861
728278
728469
731126
731479
733093
733477
733831
735075
739555
740289
741588
742043
745050
745373
746622
747024
749873
751060
755644
756026
756109
758848
759405
763899
765122
765673
766025
768446
772929
773234
773623
775391
777827
778626
778667
778734
779388
779734
780531
784466
785636
786577
790129
791966
799986
800577
804615
809082
812163
816476
816645
818491
822347
827068
829601
829641
829831
831125
831809
834791
839079
839979
843120
843400
844036
844347
845958
848079
848543
851500
856199
857277
863942
864137
865663
872387
875129
875408
875812
878563
883909
884460
884550
885918
888732
888881
895995
897329
901929
904992
905006
906695
906927
909594
913966
915798
919042
922291
924876
926696
928926
929879
930633
932226
933823
935988
937263
943670
945229
946939
949157
952358
952371
952434
954177
957338
958069
959203
961158
963106
964333
967340
969823
973022
978625
982643
986687
988885
990495
994061
996047
998389
999779
